"","X1","X2","X3","X4","X5","X6","X7","X8","X9","X10","X11","X12","X13","X14","X15","X16","X17","X18","X19","X20","X21","X22","X23","X24","X25","X26","X27","X28","X29","X30","X31","X32","X33","X34","X35","X36","X37","X38","X39","X40","X41","X42","X43","X44","X45","X46","X47","X48","X49","X50","X51"
"1",0.3872,0.3966,0.4029,0.41,0.4134,0.4226,0.4244,0.4341,0.4373,0.4495,0.4412,0.4619,0.4653,0.4683,0.4673,0.478,0.4854,0.496,0.4934,0.507,0.5074,0.5124,0.5076,0.5248,0.5214,0.5341,0.5344,0.5406,0.5423,0.5383,0.5586,0.5542,0.5587,0.562,0.5781,0.5696,0.5787,0.5909,0.5928,0.5935,0.5973,0.5948,0.607,0.6107,0.6098,0.622,0.6084,0.6279,0.6284,0.6327,0.6317
"2",0.6333,0.6509,0.6554,0.6565,0.6598,0.6726,0.6698,0.6892,0.6878,0.6977,0.6953,0.7126,0.7191,0.7159,0.7255,0.7323,0.7348,0.7335,0.7512,0.7508,0.7535,0.7653,0.7611,0.7693,0.7743,0.7786,0.7812,0.7975,0.8016,0.7967,0.799,0.8051,0.8127,0.8075,0.8139,0.8157,0.8243,0.8235,0.8311,0.84,0.837,0.8388,0.8374,0.8439,0.8582,0.8524,0.8544,0.8548,0.8556,0.856,0.865
"3",0.7738,0.7905,0.7961,0.7973,0.8053,0.8099,0.8179,0.8271,0.8328,0.8355,0.842,0.8433,0.8536,0.8472,0.8594,0.8612,0.8629,0.8711,0.8628,0.8772,0.8771,0.8848,0.8836,0.892,0.8935,0.9012,0.8958,0.8991,0.9006,0.9073,0.9116,0.9205,0.9134,0.9139,0.9192,0.9224,0.9195,0.9237,0.9259,0.9278,0.9345,0.9365,0.9367,0.9399,0.9429,0.9444,0.9448,0.9405,0.9494,0.8018,0.7985
"4",0.8727,0.8673,0.8714,0.8799,0.8823,0.8896,0.8913,0.9,0.9058,0.9089,0.909,0.9116,0.9152,0.921,0.9198,0.9234,0.9248,0.9332,0.9323,0.9359,0.9403,0.9435,0.9456,0.9468,0.7952,0.8087,0.8092,0.8166,0.8227,0.8284,0.8283,0.8381,0.8437,0.8431,0.8515,0.8495,0.8618,0.8666,0.8675,0.8717,0.8803,0.8742,0.8871,0.8837,0.8859,0.8899,0.8992,0.899,0.9028,0.9045,0.9051
"5",0.918,0.9203,0.9264,0.9265,0.9306,0.9363,0.9398,0.9416,0.9427,0.7968,0.8057,0.8135,0.8185,0.8275,0.8357,0.8417,0.8487,0.8449,0.8588,0.8581,0.8604,0.8708,0.8729,0.8811,0.8873,0.8863,0.8964,0.8971,0.9005,0.9033,0.9094,0.914,0.9165,0.9151,0.9241,0.9271,0.928,0.9315,0.9323,0.9342,0.9326,0.9403,0.9412,0.9439,0.9434,0.8498,0.8535,0.8655,0.8674,0.8693,0.8806
"6",0.8095,0.8169,0.8201,0.8297,0.8441,0.8408,0.846,0.8526,0.8565,0.8695,0.881,0.883,0.8852,0.8954,0.8977,0.8982,0.9082,0.9117,0.9087,0.9149,0.9224,0.9252,0.9309,0.9315,0.9365,0.9402,0.9394,0.9437,0.9482,0.8548,0.859,0.862,0.8766,0.8824,0.8849,0.8872,0.8882,0.8949,0.8969,0.902,0.9061,0.9076,0.9144,0.9104,0.9172,0.9276,0.9223,0.9273,0.929,0.9325,0.9374
"7",0.8582,0.8709,0.8737,0.891,0.8972,0.903,0.9061,0.9108,0.9136,0.9134,0.9187,0.9236,0.9337,0.9364,0.9377,0.9382,0.9445,0.9435,0.8559,0.8621,0.8675,0.875,0.8786,0.8914,0.8923,0.8969,0.8997,0.9078,0.9072,0.915,0.9131,0.919,0.9277,0.9293,0.9353,0.9367,0.9373,0.9365,0.9481,0.9452,0.9459,0.8806,0.8792,0.8906,0.8918,0.9005,0.9045,0.9022,0.9156,0.9105,0.9165
"8",0.9103,0.9173,0.9209,0.9239,0.9297,0.9387,0.9371,0.9443,0.9463,0.9496,0.8568,0.8696,0.8727,0.8768,0.8878,0.8985,0.9002,0.9033,0.9065,0.9141,0.911,0.9227,0.925,0.9335,0.9383,0.9391,0.94,0.945,0.9496,0.9474,0.8792,0.8846,0.8968,0.9058,0.9047,0.9086,0.9112,0.9156,0.9188,0.9237,0.923,0.9332,0.9346,0.9383,0.9412,0.9434,0.9452,0.9465,0.8941,0.8911,0.8991
"9",0.945,0.9461,0.948,0.866,0.8661,0.8702,0.884,0.8802,0.8997,0.9027,0.9048,0.9068,0.9103,0.9252,0.9269,0.9229,0.9412,0.9442,0.948,0.9432,0.9493,0.8795,0.8838,0.8846,0.8989,0.905,0.9103,0.9137,0.9224,0.9238,0.9199,0.9246,0.938,0.9405,0.9426,0.9508,0.9467,0.891,0.9002,0.9008,0.9074,0.9123,0.9155,0.9255,0.9245,0.9253,0.9317,0.9275,0.9311,0.943,0.9444
"10",0.8794,0.8859,0.8936,0.9094,0.9131,0.9139,0.9198,0.9219,0.9274,0.9303,0.94,0.946,0.9479,0.9492,0.8743,0.887,0.8916,0.9068,0.9141,0.9174,0.9238,0.9243,0.9266,0.9278,0.9398,0.9448,0.9471,0.9457,0.9497,0.8958,0.9003,0.902,0.9171,0.9194,0.9225,0.9207,0.9201,0.9265,0.9314,0.9421,0.9467,0.9509,0.9468,0.9033,0.9074,0.9132,0.9112,0.9246,0.9259,0.9257,0.936
"11",0.919,0.9188,0.9257,0.9316,0.9347,0.946,0.9489,0.9496,0.8837,0.8834,0.8996,0.9022,0.9122,0.9162,0.9258,0.9278,0.9303,0.9313,0.9443,0.9479,0.9506,0.8901,0.896,0.9016,0.9043,0.9215,0.925,0.9275,0.9283,0.9322,0.935,0.9365,0.948,0.9507,0.9562,0.9071,0.9104,0.916,0.9199,0.928,0.9299,0.9355,0.9367,0.9385,0.9404,0.9391,0.954,0.9143,0.9117,0.9142,0.9261
"12",0.9326,0.9497,0.9514,0.8895,0.8936,0.9004,0.9025,0.9141,0.9244,0.9245,0.929,0.9308,0.9374,0.946,0.9539,0.8905,0.8974,0.899,0.9058,0.9125,0.9204,0.9345,0.9328,0.9372,0.938,0.9422,0.9531,0.9056,0.9093,0.9109,0.9185,0.9182,0.9302,0.9313,0.9369,0.9403,0.9431,0.9411,0.9473,0.9153,0.912,0.9267,0.9203,0.9277,0.93,0.9384,0.9367,0.9445,0.9484,0.9494,0.9501
"13",0.8941,0.8982,0.9053,0.9165,0.9273,0.9306,0.934,0.9324,0.9376,0.9482,0.8951,0.9028,0.9077,0.9101,0.9205,0.9328,0.9343,0.9354,0.9375,0.9458,0.9421,0.9026,0.9041,0.9133,0.9198,0.922,0.934,0.9366,0.9353,0.9405,0.9486,0.9476,0.9104,0.9153,0.9222,0.925,0.9313,0.9333,0.9398,0.9418,0.9469,0.95,0.9428,0.9137,0.9153,0.9298,0.9326,0.9329,0.941,0.9427,0.9412
"14",0.9266,0.9327,0.9323,0.9352,0.9399,0.9505,0.8948,0.9121,0.9094,0.911,0.9149,0.9368,0.938,0.9416,0.9454,0.9445,0.9083,0.9129,0.9198,0.9207,0.9235,0.9304,0.9385,0.9437,0.9487,0.9491,0.9095,0.9148,0.9223,0.9262,0.9309,0.9313,0.9325,0.9478,0.9462,0.9525,0.9132,0.9159,0.9299,0.9301,0.9342,0.9393,0.937,0.9379,0.9566,0.9519,0.9228,0.9247,0.9305,0.9322,0.9397
"15",0.9414,0.9422,0.9016,0.8982,0.9072,0.9147,0.9204,0.9362,0.9346,0.9447,0.9421,0.9462,0.9117,0.9194,0.9219,0.9243,0.93,0.9417,0.9416,0.9455,0.9482,0.9098,0.9223,0.9242,0.9294,0.9311,0.9339,0.9349,0.9483,0.9525,0.9182,0.9158,0.9203,0.9326,0.9374,0.9387,0.9414,0.947,0.955,0.9169,0.9218,0.9261,0.9256,0.9302,0.9419,0.9475,0.9444,0.9479,0.9176,0.9283,0.9295
"16",0.913,0.9155,0.9227,0.9198,0.9375,0.9415,0.9386,0.951,0.9024,0.9117,0.9215,0.9287,0.9325,0.9299,0.9454,0.9459,0.948,0.9135,0.9256,0.9285,0.9311,0.9362,0.9361,0.9505,0.9488,0.915,0.9176,0.9249,0.9369,0.9378,0.9416,0.9444,0.9499,0.9162,0.9253,0.9295,0.9287,0.9345,0.9439,0.9478,0.9453,0.9479,0.9212,0.9296,0.9336,0.9351,0.945,0.9413,0.9539,0.947,0.9277
"17",0.9272,0.9383,0.9435,0.9497,0.8982,0.905,0.9189,0.9285,0.9294,0.9306,0.9494,0.9502,0.9514,0.9133,0.9125,0.9321,0.9389,0.9386,0.9374,0.9501,0.9519,0.9239,0.9283,0.9228,0.9331,0.9411,0.9435,0.9435,0.9101,0.9268,0.9245,0.9282,0.9333,0.936,0.9479,0.9451,0.9236,0.9226,0.9374,0.9391,0.9386,0.9469,0.9448,0.9572,0.9303,0.9282,0.9306,0.9379,0.9446,0.9471,0.9485
"18",0.9472,0.9005,0.9066,0.9227,0.9272,0.9351,0.9373,0.9487,0.9487,0.9148,0.9172,0.9173,0.93,0.9388,0.9421,0.94,0.954,0.9193,0.9264,0.932,0.9405,0.9429,0.947,0.9475,0.9164,0.9275,0.9346,0.9404,0.9385,0.9543,0.947,0.9201,0.924,0.9256,0.9374,0.9419,0.9426,0.9465,0.9277,0.9215,0.9272,0.9338,0.9362,0.9446,0.9495,0.9529,0.9231,0.9394,0.9429,0.9453,0.9433
"19",0.9142,0.9295,0.9314,0.9347,0.9429,0.9536,0.9117,0.9216,0.9247,0.9391,0.9437,0.9449,0.9439,0.9192,0.9272,0.9286,0.9319,0.9471,0.9475,0.9432,0.9177,0.9333,0.939,0.9352,0.9395,0.9428,0.9519,0.924,0.9296,0.9282,0.9442,0.9438,0.9451,0.9443,0.9289,0.9325,0.9397,0.9429,0.9501,0.9466,0.9197,0.928,0.931,0.9438,0.9469,0.9458,0.9436,0.9283,0.9355,0.9351,0.9357
"20",0.9326,0.9406,0.9517,0.9179,0.9211,0.9262,0.9397,0.9435,0.9465,0.9466,0.9236,0.9275,0.9313,0.9349,0.9474,0.9515,0.9147,0.9228,0.9318,0.937,0.9439,0.9398,0.9538,0.9297,0.9243,0.9375,0.9477,0.9446,0.947,0.9209,0.9329,0.9399,0.9356,0.9367,0.9473,0.953,0.9239,0.9308,0.9324,0.9459,0.9471,0.9455,0.9212,0.9353,0.9384,0.9392,0.9446,0.9537,0.9311,0.9331,0.931
"21",0.9536,0.9194,0.9228,0.9306,0.9413,0.9449,0.9479,0.9137,0.9273,0.9338,0.9364,0.9378,0.9528,0.9112,0.9267,0.9369,0.9428,0.943,0.9481,0.9214,0.9297,0.9282,0.936,0.9456,0.9456,0.95,0.927,0.9374,0.9397,0.9448,0.9423,0.9581,0.932,0.9346,0.9291,0.9479,0.9473,0.951,0.9294,0.9391,0.9396,0.9401,0.9418,0.9573,0.9336,0.9357,0.9326,0.9473,0.9487,0.9536,0.9292
"22",0.9293,0.9309,0.9443,0.9493,0.9152,0.9317,0.9307,0.9344,0.9376,0.9558,0.9187,0.9271,0.9232,0.9435,0.9408,0.948,0.9257,0.9309,0.9322,0.9384,0.9505,0.9483,0.9239,0.9282,0.9387,0.9465,0.9446,0.9478,0.9306,0.9362,0.9342,0.9472,0.9519,0.9502,0.928,0.939,0.9392,0.9439,0.9424,0.933,0.9364,0.9383,0.9418,0.9474,0.9489,0.9237,0.941,0.9389,0.9461,0.9426,0.9345
"23",0.9488,0.9524,0.9153,0.9338,0.9389,0.9407,0.9408,0.9541,0.9285,0.9298,0.9449,0.9471,0.9464,0.9183,0.9342,0.9339,0.9346,0.9569,0.9509,0.9195,0.9285,0.9409,0.9463,0.9438,0.9204,0.9297,0.9367,0.9344,0.9471,0.9493,0.9301,0.9301,0.9401,0.9491,0.9483,0.933,0.9347,0.9405,0.9347,0.9538,0.9541,0.9335,0.932,0.9469,0.9455,0.9485,0.9347,0.9413,0.9419,0.9419,0.9561
"24",0.9195,0.9368,0.9361,0.939,0.9381,0.9212,0.9293,0.9314,0.9444,0.9515,0.9484,0.9173,0.9331,0.9409,0.9389,0.9552,0.927,0.9287,0.9434,0.9485,0.9501,0.9177,0.9387,0.9337,0.9388,0.9514,0.9301,0.9314,0.9309,0.9443,0.9477,0.9484,0.9357,0.9409,0.9399,0.9416,0.9561,0.9292,0.9356,0.9449,0.9463,0.9455,0.9239,0.9466,0.9407,0.9461,0.955,0.9333,0.9368,0.9389,0.9513
"25",0.94,0.9473,0.9467,0.9235,0.9347,0.9306,0.9467,0.949,0.923,0.9343,0.9311,0.9397,0.9445,0.922,0.9327,0.9367,0.9425,0.9492,0.9201,0.9356,0.9412,0.939,0.9421,0.929,0.9308,0.9396,0.9474,0.9498,0.9227,0.9341,0.9415,0.9444,0.9399,0.9305,0.9309,0.9345,0.9481,0.9517,0.9278,0.9437,0.9431,0.9456,0.9434,0.9335,0.938,0.9409,0.9459,0.9523,0.9328,0.9431,0.9492
"26",0.9513,0.9263,0.9303,0.9319,0.9516,0.9501,0.9191,0.9391,0.9402,0.9452,0.9423,0.9278,0.935,0.938,0.9486,0.9515,0.9283,0.9418,0.9447,0.9414,0.9305,0.9348,0.9384,0.9493,0.9515,0.9262,0.9459,0.9394,0.948,0.9438,0.9337,0.9384,0.9369,0.9488,0.9516,0.9365,0.943,0.9453,0.9469,0.9336,0.9404,0.9417,0.9429,0.9512,0.9316,0.9358,0.9456,0.9433,0.951,0.9378,0.9431
"27",0.9352,0.9367,0.9431,0.9516,0.9265,0.9247,0.9439,0.95,0.9202,0.9338,0.9356,0.9362,0.9532,0.929,0.9307,0.9417,0.9404,0.9467,0.9369,0.9347,0.9393,0.9522,0.9261,0.9307,0.9486,0.9469,0.9477,0.9385,0.9392,0.9392,0.9493,0.9297,0.9304,0.9452,0.9461,0.9466,0.9423,0.9406,0.9407,0.9479,0.9372,0.9364,0.9355,0.949,0.9489,0.9306,0.9409,0.9418,0.9459,0.932,0.9408
"28",0.9411,0.9556,0.9288,0.933,0.9406,0.9468,0.921,0.9346,0.9353,0.9354,0.9511,0.9281,0.9321,0.9503,0.9478,0.9222,0.9351,0.9379,0.945,0.9508,0.9309,0.9307,0.9502,0.9453,0.9197,0.943,0.9434,0.9431,0.9329,0.9352,0.9382,0.9509,0.9541,0.9261,0.9479,0.9457,0.9463,0.9367,0.9417,0.9422,0.9536,0.9319,0.9331,0.9449,0.9495,0.9463,0.9428,0.9391,0.9419,0.9544,0.9345
"29",0.929,0.9319,0.9494,0.9495,0.9189,0.9381,0.945,0.9428,0.9564,0.9282,0.9307,0.9463,0.9438,0.923,0.9418,0.9447,0.9421,0.9327,0.9335,0.9485,0.9516,0.9281,0.939,0.9441,0.947,0.9576,0.9393,0.9376,0.949,0.9528,0.929,0.9445,0.9454,0.9465,0.9368,0.9356,0.9411,0.953,0.9335,0.9361,0.9487,0.9491,0.9306,0.9403,0.9472,0.9455,0.9372,0.941,0.9438,0.9549,0.9356
"30",0.9387,0.9493,0.9175,0.923,0.9378,0.9445,0.9591,0.9303,0.936,0.9519,0.9519,0.9253,0.9398,0.9443,0.9446,0.9291,0.9381,0.952,0.9501,0.931,0.9451,0.9439,0.952,0.9314,0.9348,0.9358,0.9492,0.9337,0.9356,0.9489,0.9452,0.9301,0.943,0.9419,0.9535,0.9358,0.9369,0.95,0.954,0.9346,0.9506,0.9467,0.946,0.9418,0.9437,0.9411,0.9548,0.9355,0.9444,0.9498,0.9489
"31",0.9535,0.9268,0.9423,0.9457,0.9447,0.9364,0.9356,0.9497,0.9542,0.926,0.9424,0.9491,0.9462,0.9285,0.938,0.9393,0.9556,0.932,0.9444,0.9471,0.9476,0.9377,0.9383,0.9432,0.9586,0.9348,0.935,0.9427,0.9295,0.9401,0.9437,0.9469,0.9382,0.9435,0.9368,0.9532,0.9367,0.9372,0.951,0.948,0.9434,0.9422,0.9422,0.9534,0.9379,0.9405,0.9516,0.956,0.9399,0.9495,0.948
"32",0.9275,0.9459,0.9459,0.9287,0.9412,0.9337,0.9543,0.9257,0.9331,0.9481,0.9498,0.9376,0.9409,0.9458,0.9562,0.9332,0.9511,0.9518,0.9276,0.9479,0.9449,0.9456,0.9366,0.941,0.9512,0.951,0.932,0.9483,0.9465,0.948,0.9418,0.9432,0.9486,0.9368,0.9427,0.9478,0.9499,0.9303,0.9436,0.9454,0.9434,0.9401,0.9416,0.954,0.9341,0.9408,0.9462,0.9514,0.9382,0.9462,0.9433
"33",0.9483,0.9236,0.9374,0.9474,0.9546,0.9259,0.9348,0.9469,0.9512,0.9261,0.941,0.941,0.9332,0.9346,0.9435,0.9536,0.9263,0.9426,0.9471,0.9461,0.942,0.9395,0.9526,0.9364,0.9361,0.95,0.9475,0.9308,0.9427,0.9457,0.9544,0.9385,0.9373,0.9512,0.9373,0.9454,0.9473,0.9477,0.9416,0.9384,0.9439,0.9398,0.9363,0.9509,0.953,0.9352,0.9482,0.946,0.9493,0.9432,0.9434
"34",0.9282,0.9454,0.9438,0.93,0.9346,0.9317,0.9538,0.9299,0.9412,0.9466,0.9412,0.9365,0.94,0.9551,0.9352,0.9277,0.9508,0.9483,0.9406,0.9433,0.9378,0.9373,0.9356,0.9548,0.9501,0.9286,0.9471,0.9422,0.9377,0.9412,0.9391,0.954,0.9334,0.9508,0.9492,0.9337,0.9468,0.9483,0.9544,0.9396,0.9353,0.9529,0.9392,0.9503,0.9477,0.9488,0.9437,0.9449,0.9467,0.9439,0.9415
"35",0.9469,0.947,0.9374,0.9393,0.9485,0.9276,0.9321,0.9453,0.9452,0.9377,0.9408,0.9442,0.9369,0.9343,0.9495,0.9482,0.9451,0.9434,0.9483,0.9377,0.9389,0.9536,0.9517,0.9374,0.9453,0.9472,0.9417,0.9442,0.9429,0.9399,0.9394,0.9518,0.954,0.9278,0.9473,0.9435,0.9412,0.9427,0.9421,0.9399,0.9435,0.9474,0.9556,0.9337,0.9458,0.9484,0.9441,0.9442,0.9435,0.939,0.9386
"36",0.9176,0.9374,0.9417,0.9573,0.9354,0.9494,0.9503,0.9281,0.9441,0.9436,0.9362,0.9376,0.9531,0.9513,0.9313,0.9456,0.9449,0.9381,0.9428,0.9411,0.9314,0.936,0.9458,0.9477,0.9425,0.944,0.9473,0.9442,0.9399,0.9546,0.9364,0.9348,0.9482,0.9532,0.943,0.9438,0.957,0.9365,0.9425,0.9501,0.9351,0.9535,0.9496,0.9331,0.9441,0.9504,0.9452,0.9445,0.9452,0.9495,0.9414
"37",0.9439,0.9396,0.9294,0.933,0.9516,0.9248,0.9423,0.9424,0.9429,0.9363,0.9386,0.9545,0.9348,0.9455,0.9535,0.928,0.9452,0.9432,0.9406,0.9373,0.9525,0.9476,0.9316,0.9471,0.9493,0.9405,0.9434,0.9546,0.9356,0.9372,0.9452,0.9326,0.9496,0.9481,0.938,0.942,0.9429,0.9367,0.9389,0.9517,0.9497,0.9478,0.9526,0.9468,0.9458,0.943,0.9555,0.9387,0.944,0.9545,0.9346
"38",0.9408,0.9357,0.9388,0.9544,0.932,0.9463,0.9501,0.9335,0.942,0.9403,0.9353,0.9345,0.9515,0.9263,0.9441,0.9418,0.9571,0.9385,0.9419,0.9504,0.9389,0.9468,0.9451,0.9454,0.9436,0.9428,0.9365,0.9451,0.9538,0.9347,0.9488,0.9472,0.9431,0.9464,0.9424,0.9377,0.9421,0.9514,0.9327,0.9463,0.9472,0.9305,0.9501,0.9422,0.9368,0.9458,0.9584,0.9397,0.9415,0.9503,0.9378
"39",0.9395,0.9421,0.9284,0.9319,0.9482,0.9464,0.946,0.9438,0.9559,0.9341,0.9365,0.9504,0.93,0.9489,0.9441,0.9389,0.9378,0.9572,0.9361,0.9487,0.952,0.9311,0.9474,0.9487,0.9441,0.9429,0.9539,0.9395,0.9478,0.9505,0.9346,0.9504,0.9426,0.9369,0.9435,0.9545,0.9401,0.9512,0.9491,0.9363,0.9467,0.945,0.9425,0.9453,0.9594,0.9441,0.9504,0.9559,0.9367,0.9513,0.9308
"40",0.9414,0.9351,0.9385,0.9536,0.924,0.9411,0.9435,0.9353,0.94,0.9542,0.9341,0.9501,0.9529,0.9263,0.9451,0.9475,0.9381,0.9401,0.951,0.9353,0.947,0.9477,0.9429,0.944,0.9546,0.9395,0.9391,0.9511,0.9364,0.9523,0.9456,0.9424,0.9462,0.9395,0.9373,0.9511,0.939,0.941,0.9498,0.9332,0.9502,0.9461,0.9394,0.9399,0.9568,0.9403,0.9495,0.9529,0.937,0.9493,0.945
"41",0.9389,0.936,0.9488,0.9286,0.9471,0.9476,0.9422,0.9386,0.9549,0.9378,0.9528,0.9348,0.9455,0.9444,0.9404,0.9427,0.9549,0.9324,0.9384,0.9485,0.9323,0.9434,0.9437,0.9426,0.9427,0.9569,0.9347,0.9486,0.9477,0.9492,0.9425,0.9371,0.9422,0.9405,0.943,0.9424,0.9523,0.9395,0.9502,0.9517,0.9439,0.9444,0.9547,0.9421,0.9542,0.9426,0.9378,0.9511,0.935,0.9486,0.9451
"42",0.9374,0.9326,0.932,0.9452,0.9259,0.9374,0.9433,0.9378,0.9406,0.9523,0.9309,0.9503,0.9456,0.9422,0.9413,0.9391,0.9404,0.9548,0.9392,0.9482,0.9481,0.937,0.9486,0.9567,0.9404,0.9396,0.9538,0.9365,0.9511,0.9332,0.9443,0.945,0.9432,0.9406,0.9526,0.9411,0.9551,0.9511,0.9493,0.9439,0.9466,0.9415,0.9559,0.9367,0.9397,0.9519,0.9363,0.9492,0.9329,0.9463,0.9447
"43",0.9354,0.9346,0.9546,0.9317,0.9436,0.944,0.9416,0.9424,0.9344,0.9351,0.9497,0.9306,0.9446,0.9434,0.9433,0.9373,0.9535,0.9364,0.9492,0.9316,0.9418,0.9473,0.9469,0.9465,0.9533,0.9403,0.9487,0.9291,0.9436,0.9482,0.9413,0.9448,0.9583,0.9383,0.9507,0.9388,0.9475,0.9487,0.9415,0.9471,0.9426,0.9419,0.9381,0.9379,0.9406,0.9511,0.9383,0.9517,0.9434,0.9426,0.9476
"44",0.9333,0.9542,0.9325,0.9447,0.9282,0.9379,0.9391,0.941,0.9374,0.9526,0.9343,0.9485,0.9273,0.9467,0.9446,0.9344,0.9342,0.9513,0.9309,0.9481,0.9289,0.943,0.9438,0.9392,0.9369,0.9537,0.9311,0.9501,0.9289,0.946,0.9445,0.944,0.9388,0.9396,0.9425,0.9546,0.9325,0.947,0.9305,0.9508,0.9459,0.9421,0.9394,0.9568,0.9392,0.9466,0.9362,0.9485,0.945,0.9475,0.9487
"45",0.9352,0.9313,0.954,0.9237,0.9476,0.9446,0.9386,0.9391,0.9356,0.9298,0.9458,0.9422,0.9487,0.94,0.9391,0.9551,0.9358,0.9516,0.9504,0.9508,0.9471,0.9419,0.9416,0.9558,0.9387,0.9524,0.9303,0.9489,0.9494,0.9443,0.9439,0.94,0.9415,0.9573,0.9386,0.9478,0.9358,0.9484,0.9496,0.945,0.9466,0.9443,0.9417,0.9523,0.942,0.9478,0.9407,0.9448,0.947,0.9408,0.9472
"46",0.9367,0.9504,0.9306,0.9465,0.9249,0.9438,0.9443,0.9391,0.9475,0.9334,0.9465,0.9494,0.9417,0.9459,0.9543,0.9409,0.9528,0.9364,0.9467,0.9487,0.9458,0.9376,0.9445,0.9382,0.9556,0.9358,0.9494,0.9354,0.9443,0.9342,0.9447,0.9447,0.941,0.9536,0.9348,0.9487,0.9532,0.9447,0.9451,0.9454,0.9454,0.9568,0.9428,0.9537,0.9369,0.9502,0.9459,0.9421,0.9509,0.9473,0.9439
"47",0.9542,0.933,0.9517,0.9294,0.9467,0.9384,0.9442,0.9563,0.9351,0.9503,0.9495,0.948,0.9469,0.939,0.9424,0.955,0.9348,0.9516,0.931,0.9553,0.9261,0.9452,0.957,0.9396,0.9537,0.9372,0.9482,0.9492,0.9488,0.9454,0.9402,0.9421,0.9532,0.9398,0.9529,0.94,0.95,0.9351,0.9461,0.9412,0.9461,0.9544,0.9386,0.9451,0.9509,0.948,0.9478,0.9449,0.9437,0.9429,0.9414
"48",0.9303,0.9522,0.9322,0.9484,0.9265,0.9417,0.9574,0.9354,0.9512,0.9291,0.9475,0.9466,0.9467,0.9424,0.9373,0.9391,0.9384,0.9501,0.9471,0.9458,0.9481,0.9412,0.9417,0.9522,0.9345,0.9531,0.9333,0.9489,0.9292,0.9482,0.9579,0.9432,0.9506,0.9399,0.9509,0.9341,0.9463,0.9455,0.9442,0.942,0.942,0.9444,0.9423,0.9376,0.9496,0.9497,0.9493,0.9477,0.9439,0.9452,0.941
"49",0.9532,0.9319,0.9474,0.9294,0.9418,0.9614,0.9388,0.9542,0.9358,0.9493,0.9256,0.9475,0.9429,0.9444,0.9544,0.938,0.9548,0.934,0.9495,0.9482,0.9459,0.9432,0.9427,0.9362,0.9372,0.9515,0.9479,0.9486,0.9437,0.9458,0.9407,0.9443,0.94,0.9539,0.9343,0.9486,0.9512,0.9473,0.9457,0.943,0.943,0.9438,0.954,0.9362,0.9564,0.9362,0.9504,0.9496,0.9464,0.954,0.946
"50",0.9379,0.9557,0.93,0.9459,0.9258,0.9386,0.9579,0.9358,0.9535,0.9338,0.949,0.9262,0.9411,0.9559,0.9386,0.9534,0.934,0.9524,0.9304,0.9472,0.933,0.9432,0.9525,0.9408,0.9551,0.9355,0.9507,0.9354,0.9473,0.9584,0.9416,0.9558,0.9415,0.9518,0.9386,0.9525,0.9355,0.9475,0.9317,0.9444,0.9545,0.9415,0.9567,0.939,0.9471,0.9369,0.9471,0.9328,0.9443,0.9546,0.9456
"51",0.9544,0.9294,0.948,0.9262,0.9462,0.9598,0.9418,0.9506,0.9356,0.9542,0.9337,0.9471,0.9427,0.9415,0.9578,0.9425,0.9504,0.9299,0.9501,0.9465,0.9464,0.9456,0.9384,0.9406,0.94,0.9513,0.9483,0.9483,0.946,0.9474,0.9392,0.942,0.9374,0.952,0.9383,0.9521,0.9476,0.9453,0.941,0.9444,0.9426,0.9448,0.9545,0.9382,0.9509,0.9387,0.9485,0.946,0.9464,0.9568,0.9463
"52",0.9364,0.9526,0.9295,0.9544,0.9253,0.9434,0.9541,0.9359,0.9522,0.9307,0.948,0.9465,0.9422,0.9424,0.9395,0.9369,0.9384,0.9498,0.9456,0.9449,0.9458,0.9429,0.9458,0.952,0.9357,0.9511,0.9346,0.9454,0.9323,0.9452,0.9549,0.9453,0.9539,0.9378,0.9513,0.9316,0.947,0.9489,0.9485,0.9446,0.9448,0.9419,0.9397,0.9376,0.9512,0.9485,0.9492,0.945,0.9396,0.944,0.9404
"53",0.9528,0.9289,0.948,0.9358,0.9465,0.9416,0.9364,0.9534,0.9374,0.9505,0.9497,0.9447,0.9443,0.9434,0.9408,0.9528,0.9368,0.9499,0.9292,0.9439,0.9306,0.9481,0.9524,0.9422,0.9557,0.9368,0.9472,0.9466,0.9491,0.9462,0.9449,0.9431,0.9473,0.9421,0.9548,0.9366,0.9478,0.9343,0.9465,0.9463,0.9417,0.952,0.9378,0.951,0.9507,0.9496,0.9454,0.9473,0.9466,0.9396,0.9431
"54",0.9368,0.9508,0.9298,0.9467,0.9199,0.9452,0.9402,0.9366,0.9536,0.9337,0.9503,0.9476,0.9419,0.942,0.9546,0.9397,0.9536,0.9356,0.9443,0.9465,0.9425,0.9393,0.9405,0.9391,0.9524,0.9378,0.9493,0.9256,0.949,0.9316,0.9441,0.9349,0.9385,0.9555,0.9376,0.9484,0.949,0.9456,0.9459,0.9434,0.947,0.9533,0.9437,0.9516,0.9367,0.9503,0.9479,0.9512,0.9399,0.9416,0.9423
"55",0.9348,0.9351,0.9512,0.9243,0.9448,0.9446,0.9385,0.9418,0.9401,0.9327,0.9482,0.9424,0.9446,0.9383,0.9411,0.9575,0.9351,0.9505,0.949,0.9474,0.9451,0.9425,0.9401,0.9516,0.9421,0.9522,0.9357,0.9464,0.9489,0.9467,0.9451,0.9432,0.9407,0.9553,0.9433,0.948,0.9351,0.9455,0.9469,0.9462,0.9462,0.9384,0.9385,0.9509,0.9378,0.9497,0.9283,0.9432,0.9491,0.9447,0.9462
"56",0.9369,0.9532,0.9324,0.9487,0.9265,0.9395,0.9376,0.9396,0.937,0.9488,0.9327,0.9493,0.9255,0.9444,0.9435,0.9425,0.9327,0.9525,0.932,0.9474,0.9327,0.9396,0.9419,0.9361,0.938,0.9508,0.9362,0.9471,0.9297,0.9472,0.9438,0.9443,0.9451,0.941,0.9378,0.9547,0.9374,0.9479,0.9342,0.9491,0.9419,0.9419,0.9445,0.9525,0.9358,0.9441,0.9416,0.9508,0.9432,0.9473,0.9493
"57",0.9331,0.9366,0.9494,0.9302,0.9466,0.9405,0.9421,0.9367,0.9322,0.9312,0.9511,0.9278,0.9436,0.9478,0.9401,0.9423,0.9517,0.9382,0.9559,0.9308,0.9462,0.9433,0.9449,0.94,0.9586,0.9373,0.9492,0.9345,0.9505,0.9468,0.9448,0.9455,0.9522,0.938,0.9529,0.9349,0.947,0.9488,0.9437,0.9473,0.9455,0.942,0.943,0.9379,0.9417,0.9493,0.9371,0.9471,0.9457,0.9461,0.945
"58",0.9404,0.9316,0.9311,0.9489,0.9264,0.9408,0.9448,0.9365,0.9383,0.9545,0.9347,0.9505,0.948,0.9396,0.9463,0.9397,0.9416,0.9556,0.935,0.9495,0.9457,0.9438,0.9481,0.9542,0.9365,0.9406,0.9555,0.9361,0.9505,0.9283,0.9459,0.9448,0.9404,0.9442,0.9555,0.9367,0.9499,0.9515,0.9478,0.9507,0.945,0.9465,0.9555,0.939,0.9432,0.95,0.9345,0.9517,0.9362,0.9453,0.9456
"59",0.9377,0.9363,0.9514,0.9339,0.948,0.9485,0.9476,0.9403,0.9575,0.9361,0.956,0.9292,0.9509,0.9497,0.9375,0.9431,0.9541,0.9395,0.9349,0.9527,0.9331,0.9504,0.9485,0.9438,0.9439,0.954,0.9385,0.956,0.9455,0.9487,0.9449,0.9416,0.9423,0.943,0.9413,0.9391,0.9522,0.9377,0.9481,0.9482,0.9486,0.9454,0.96,0.9398,0.9533,0.9429,0.9349,0.95,0.9361,0.9458,0.9497
"60",0.9417,0.9341,0.9413,0.9512,0.9299,0.9425,0.9475,0.9349,0.9391,0.9519,0.9301,0.9487,0.9496,0.9278,0.9413,0.9428,0.946,0.9396,0.952,0.9331,0.9483,0.948,0.9509,0.9458,0.9561,0.9355,0.9399,0.9542,0.9355,0.9508,0.9476,0.9451,0.9469,0.9398,0.9396,0.9549,0.938,0.9401,0.952,0.9303,0.9476,0.9467,0.9443,0.9463,0.9576,0.9454,0.9503,0.9536,0.9396,0.9495,0.9492
"61",0.9374,0.9414,0.9253,0.931,0.9469,0.9486,0.9406,0.9493,0.9592,0.9387,0.936,0.9539,0.9249,0.9515,0.9498,0.9458,0.9408,0.9554,0.9373,0.9486,0.9503,0.93,0.9456,0.948,0.9408,0.9397,0.9495,0.935,0.9485,0.9468,0.9366,0.9481,0.9482,0.9441,0.942,0.9531,0.9407,0.9518,0.9535,0.9363,0.9446,0.9463,0.9448,0.9478,0.9571,0.9415,0.9533,0.9498,0.9396,0.9524,0.9389
"62",0.941,0.9387,0.937,0.9487,0.9308,0.945,0.9433,0.9394,0.9452,0.9419,0.9324,0.9401,0.9505,0.9305,0.9456,0.945,0.9584,0.9397,0.9392,0.9532,0.9365,0.9497,0.9474,0.9438,0.9411,0.9466,0.9405,0.9416,0.956,0.9345,0.9458,0.9489,0.9435,0.9482,0.9445,0.9396,0.9412,0.9545,0.9414,0.949,0.9499,0.9293,0.9469,0.9441,0.9432,0.9392,0.9542,0.9361,0.9432,0.9514,0.9347
"63",0.941,0.9406,0.9303,0.9372,0.9532,0.9305,0.9448,0.9427,0.9466,0.9376,0.9361,0.9532,0.9278,0.9465,0.9473,0.9253,0.9399,0.9444,0.9371,0.9349,0.9516,0.9471,0.9329,0.9449,0.9455,0.9469,0.9444,0.9526,0.9414,0.9373,0.9526,0.9323,0.951,0.9501,0.9382,0.9445,0.9395,0.9417,0.9402,0.9498,0.9524,0.9439,0.948,0.9465,0.9449,0.944,0.9525,0.9377,0.9404,0.9515,0.9391
"64",0.9184,0.9437,0.9431,0.9542,0.9363,0.9482,0.9485,0.9263,0.9422,0.9444,0.9355,0.9344,0.9483,0.9494,0.9377,0.9441,0.9462,0.9421,0.944,0.943,0.9364,0.9375,0.9525,0.9469,0.9444,0.9476,0.9429,0.9414,0.9452,0.9522,0.937,0.9393,0.9524,0.9463,0.9423,0.9429,0.9576,0.9381,0.938,0.9562,0.9368,0.945,0.9493,0.9355,0.9445,0.9478,0.9405,0.9415,0.9461,0.9508,0.9369
"65",0.9448,0.9452,0.9349,0.9386,0.953,0.9237,0.9308,0.946,0.9452,0.942,0.9395,0.9387,0.9328,0.9365,0.9481,0.9478,0.9437,0.9453,0.949,0.9334,0.9344,0.9533,0.9497,0.9329,0.9493,0.9477,0.9411,0.9432,0.9443,0.9366,0.9373,0.9478,0.949,0.9314,0.9466,0.951,0.9413,0.9408,0.9439,0.9406,0.9402,0.9495,0.9482,0.9305,0.9462,0.9494,0.9451,0.9402,0.9422,0.939,0.9403
"66",0.9243,0.9419,0.9445,0.925,0.9319,0.9382,0.9544,0.9227,0.9467,0.9447,0.9447,0.9361,0.9367,0.9506,0.9283,0.9347,0.947,0.9454,0.937,0.9431,0.9429,0.9289,0.9385,0.9538,0.951,0.9272,0.9479,0.9479,0.94,0.9405,0.9432,0.9568,0.9354,0.9475,0.9476,0.9306,0.945,0.9464,0.9589,0.9438,0.9427,0.9553,0.9334,0.953,0.9505,0.9488,0.9405,0.9447,0.9435,0.9385,0.9401
"67",0.949,0.9204,0.9436,0.9415,0.9543,0.9273,0.9393,0.9498,0.953,0.9276,0.9459,0.9461,0.9336,0.9343,0.9349,0.9526,0.9362,0.9412,0.9465,0.9479,0.941,0.935,0.954,0.9358,0.9368,0.9499,0.9485,0.9315,0.9433,0.9466,0.9533,0.9362,0.944,0.9556,0.9349,0.9446,0.9477,0.9449,0.9397,0.9449,0.9425,0.9359,0.9397,0.9506,0.9496,0.9366,0.9461,0.9471,0.9495,0.942,0.9435
"68",0.928,0.9452,0.9502,0.9301,0.9359,0.9414,0.9566,0.9344,0.9325,0.9543,0.949,0.9378,0.9421,0.9403,0.9557,0.9333,0.9423,0.9473,0.9249,0.9452,0.9435,0.9377,0.9355,0.9376,0.9521,0.9549,0.934,0.9492,0.9462,0.9502,0.9407,0.9423,0.9529,0.9333,0.9383,0.9505,0.9494,0.9348,0.9413,0.9463,0.9442,0.9419,0.9418,0.9511,0.9379,0.937,0.9506,0.9496,0.9283,0.9415,0.9433
"69",0.9519,0.9235,0.9385,0.9466,0.9432,0.9299,0.9374,0.9547,0.9538,0.9284,0.9417,0.9416,0.9456,0.9408,0.9401,0.937,0.9545,0.936,0.9492,0.9467,0.95,0.9385,0.9412,0.9455,0.9521,0.9351,0.9335,0.9543,0.9282,0.9424,0.9449,0.9485,0.9389,0.9378,0.9387,0.9494,0.9329,0.9406,0.9478,0.9521,0.9378,0.9415,0.9442,0.9531,0.9402,0.9372,0.9554,0.9502,0.9376,0.9471,0.9501
"70",0.936,0.95,0.9211,0.9256,0.9411,0.9457,0.957,0.9351,0.9362,0.9512,0.9493,0.9298,0.9449,0.9462,0.9478,0.9378,0.9373,0.9501,0.9479,0.9304,0.9426,0.9467,0.9495,0.938,0.9412,0.9402,0.9524,0.9312,0.9323,0.949,0.9456,0.9264,0.9432,0.9486,0.9552,0.9352,0.942,0.9538,0.9535,0.9327,0.9462,0.9424,0.9487,0.9444,0.9413,0.9449,0.954,0.9354,0.9371,0.953,0.9538
"71",0.9223,0.9263,0.9489,0.9514,0.921,0.9382,0.9399,0.9409,0.9534,0.9262,0.935,0.9512,0.9476,0.9278,0.9344,0.9412,0.9458,0.929,0.9349,0.9461,0.9512,0.9275,0.9412,0.9429,0.9433,0.958,0.9359,0.9369,0.9479,0.949,0.9333,0.9464,0.941,0.9441,0.9383,0.9424,0.9417,0.9516,0.9361,0.9316,0.9464,0.948,0.9301,0.9435,0.9432,0.9497,0.9363,0.9412,0.938,0.9535,0.9332
"72",0.9377,0.9556,0.9296,0.9292,0.943,0.9454,0.9205,0.9337,0.9385,0.9436,0.9535,0.9241,0.9273,0.9468,0.9494,0.9246,0.9392,0.9376,0.9413,0.9568,0.9307,0.9338,0.9485,0.9512,0.9272,0.9376,0.9459,0.9419,0.9319,0.9348,0.9342,0.9543,0.9494,0.9311,0.9418,0.9442,0.9469,0.937,0.9337,0.9416,0.9527,0.9288,0.9325,0.9457,0.9433,0.9466,0.941,0.9426,0.9413,0.9538,0.9333
"73",0.9329,0.9391,0.9375,0.9531,0.9248,0.9263,0.9462,0.9431,0.913,0.9327,0.934,0.9431,0.9541,0.9289,0.9296,0.9427,0.9404,0.9442,0.9339,0.9368,0.938,0.9525,0.9307,0.9318,0.943,0.9453,0.9476,0.9376,0.9422,0.9406,0.9525,0.9313,0.9328,0.9445,0.9475,0.9478,0.9372,0.9364,0.94,0.9445,0.9329,0.9352,0.9408,0.9497,0.9501,0.9378,0.9424,0.943,0.9464,0.9413,0.9402
"74",0.946,0.9325,0.9362,0.9313,0.9502,0.9521,0.9254,0.941,0.941,0.945,0.938,0.9322,0.9348,0.9394,0.9473,0.9458,0.9212,0.9427,0.946,0.9449,0.9347,0.9333,0.9331,0.9505,0.9508,0.9288,0.9403,0.9409,0.9424,0.9423,0.9337,0.9383,0.9374,0.9538,0.9493,0.9313,0.9454,0.9467,0.9448,0.9345,0.9316,0.9409,0.9406,0.956,0.9354,0.9359,0.9496,0.9495,0.9493,0.9338,0.9421
"75",0.9442,0.9443,0.9402,0.9292,0.9266,0.9363,0.9445,0.9477,0.9213,0.9398,0.9425,0.9438,0.9379,0.93,0.9313,0.9323,0.9459,0.9484,0.9214,0.9329,0.9396,0.9393,0.9438,0.9278,0.9371,0.9286,0.9475,0.9491,0.9278,0.9389,0.9393,0.946,0.9441,0.9292,0.9347,0.9337,0.9468,0.9524,0.928,0.9404,0.9416,0.9437,0.9425,0.9379,0.9343,0.9382,0.9521,0.9517,0.9357,0.9428,0.9474
"76",0.9189,0.9345,0.9418,0.9421,0.9438,0.9189,0.9288,0.9293,0.9468,0.9523,0.9521,0.92,0.9329,0.9406,0.9389,0.9527,0.9238,0.9287,0.944,0.9466,0.9531,0.9172,0.9325,0.9408,0.9392,0.9496,0.9333,0.9297,0.9315,0.9474,0.9479,0.9483,0.9416,0.9383,0.9397,0.9451,0.9513,0.9314,0.9327,0.9488,0.9494,0.9466,0.928,0.9429,0.9386,0.9397,0.9521,0.9333,0.935,0.9374,0.9495
"77",0.9478,0.9501,0.911,0.9324,0.9349,0.9407,0.9423,0.9547,0.9227,0.9307,0.9436,0.9439,0.9507,0.9125,0.9312,0.9425,0.937,0.9487,0.9507,0.9309,0.9331,0.9457,0.942,0.9464,0.9188,0.9325,0.9357,0.9372,0.95,0.9471,0.9314,0.9325,0.9433,0.9409,0.9473,0.9302,0.932,0.9387,0.9385,0.9497,0.9518,0.9328,0.9292,0.9444,0.9455,0.9469,0.9362,0.9365,0.9375,0.9405,0.9534
"78",0.9283,0.9276,0.9427,0.9493,0.9103,0.9306,0.9316,0.9381,0.9401,0.9511,0.9232,0.9226,0.9298,0.9393,0.9455,0.9444,0.9229,0.9253,0.9335,0.9325,0.9468,0.9477,0.9238,0.9262,0.9377,0.9427,0.9469,0.9415,0.9266,0.9344,0.9338,0.9448,0.9526,0.9519,0.9294,0.9345,0.9369,0.9457,0.9456,0.9333,0.9346,0.9358,0.9349,0.9509,0.9495,0.9232,0.9436,0.9455,0.9468,0.9476,0.9303
"79",0.958,0.9152,0.9271,0.9281,0.9419,0.9471,0.9503,0.91,0.9308,0.9293,0.9324,0.9348,0.9489,0.919,0.9224,0.9391,0.9372,0.9429,0.9396,0.9266,0.9303,0.9325,0.9336,0.9459,0.9471,0.9512,0.9233,0.9338,0.9429,0.9428,0.9438,0.9509,0.9315,0.9325,0.93,0.9489,0.9531,0.9479,0.931,0.944,0.9442,0.9478,0.9423,0.9549,0.9303,0.9328,0.9344,0.9473,0.9499,0.9472,0.9315
"80",0.9362,0.941,0.9549,0.9155,0.9234,0.9179,0.9414,0.9409,0.9448,0.946,0.9245,0.9263,0.9283,0.9381,0.9455,0.9512,0.9125,0.9185,0.9365,0.937,0.9374,0.9436,0.9563,0.9296,0.9314,0.929,0.9453,0.9441,0.9476,0.9206,0.9325,0.9332,0.9401,0.9406,0.9518,0.9544,0.9256,0.9306,0.9364,0.9448,0.9433,0.9452,0.9272,0.9333,0.9355,0.9366,0.9428,0.9557,0.9303,0.9362,0.9292
"81",0.9147,0.9258,0.933,0.9381,0.9361,0.9559,0.9103,0.9152,0.9234,0.9353,0.941,0.9456,0.943,0.9176,0.9233,0.9257,0.934,0.9445,0.9457,0.9488,0.9158,0.9343,0.9324,0.9344,0.9382,0.9427,0.9519,0.9213,0.9306,0.9343,0.9407,0.9434,0.9497,0.9489,0.9276,0.9315,0.9329,0.9337,0.9463,0.9524,0.9277,0.9257,0.9284,0.942,0.945,0.9479,0.9455,0.9308,0.9354,0.9403,0.9374
"82",0.9487,0.9041,0.9094,0.9295,0.9274,0.9335,0.9387,0.9499,0.9514,0.9056,0.9149,0.9206,0.9353,0.9403,0.9414,0.9432,0.9559,0.9167,0.9275,0.9245,0.9419,0.9452,0.9438,0.949,0.92,0.9276,0.9311,0.9334,0.9329,0.9519,0.9539,0.922,0.9271,0.9278,0.9361,0.9445,0.9435,0.9451,0.9225,0.9283,0.9342,0.9356,0.9315,0.9477,0.9487,0.951,0.9251,0.9317,0.9356,0.9454,0.9376
"83",0.9298,0.9413,0.9463,0.9501,0.9004,0.9095,0.9241,0.9281,0.9333,0.9324,0.9466,0.95,0.9479,0.9097,0.9167,0.9296,0.9311,0.9335,0.9382,0.9525,0.9524,0.9194,0.9244,0.9252,0.9415,0.9417,0.9439,0.9439,0.9151,0.9291,0.9238,0.9379,0.9369,0.9386,0.9473,0.9512,0.9185,0.9216,0.9398,0.9411,0.9405,0.943,0.9419,0.9561,0.9265,0.9317,0.9336,0.9339,0.9471,0.9486,0.9483
"84",0.9107,0.9172,0.9204,0.9233,0.9391,0.9458,0.9422,0.9467,0.903,0.9214,0.9246,0.9302,0.9268,0.9322,0.9437,0.9472,0.9499,0.9124,0.9231,0.9341,0.9313,0.9368,0.9357,0.9498,0.9552,0.9138,0.9199,0.9277,0.9389,0.9368,0.9424,0.9425,0.9494,0.9236,0.9234,0.9268,0.9303,0.9312,0.9445,0.9447,0.9502,0.9482,0.919,0.9356,0.9402,0.9358,0.9412,0.9443,0.952,0.9531,0.9308
"85",0.9413,0.9441,0.8981,0.9077,0.9128,0.9165,0.9236,0.9328,0.9392,0.9432,0.9463,0.9459,0.9099,0.9164,0.9171,0.9237,0.9316,0.9399,0.9415,0.9484,0.9496,0.9034,0.915,0.9324,0.9285,0.9347,0.9345,0.9377,0.9497,0.9525,0.9118,0.9152,0.9235,0.9308,0.9368,0.9377,0.9417,0.9458,0.9552,0.9175,0.9238,0.9289,0.9293,0.9312,0.9432,0.9432,0.9429,0.9477,0.9174,0.9268,0.9341
"86",0.922,0.9273,0.9345,0.9387,0.9373,0.9543,0.9009,0.9059,0.914,0.9149,0.9177,0.9293,0.935,0.9424,0.9424,0.9429,0.9024,0.91,0.9195,0.9175,0.9248,0.9293,0.9391,0.946,0.9467,0.9517,0.9048,0.9216,0.9226,0.9252,0.9308,0.931,0.9355,0.9405,0.9494,0.9529,0.9141,0.9164,0.9315,0.9307,0.9338,0.9377,0.9373,0.9431,0.9539,0.9539,0.9231,0.9203,0.9282,0.9315,0.9407
"87",0.8962,0.9016,0.9047,0.9184,0.9282,0.9305,0.9353,0.9382,0.9337,0.9518,0.8984,0.8984,0.9026,0.9151,0.9201,0.929,0.9301,0.9383,0.9392,0.9364,0.9436,0.9054,0.9095,0.9152,0.9185,0.9224,0.9317,0.9343,0.9414,0.9453,0.9417,0.9462,0.9145,0.9183,0.9237,0.9248,0.9279,0.9315,0.9402,0.944,0.9458,0.9487,0.9522,0.9136,0.9116,0.9308,0.9334,0.9341,0.9368,0.9379,0.9375
"88",0.9343,0.9446,0.9496,0.8833,0.8908,0.8938,0.9037,0.9174,0.922,0.9232,0.9256,0.9345,0.9374,0.9467,0.9527,0.8874,0.9049,0.9023,0.9105,0.9147,0.9242,0.9269,0.9359,0.9369,0.9382,0.9405,0.954,0.9001,0.9113,0.9127,0.9196,0.9232,0.9283,0.9333,0.9399,0.9395,0.9378,0.944,0.947,0.9168,0.9179,0.9194,0.9225,0.9242,0.9273,0.9394,0.9431,0.9427,0.9431,0.944,0.9477
"89",0.916,0.9185,0.9301,0.9255,0.9296,0.9478,0.9485,0.9475,0.8859,0.8944,0.9006,0.9002,0.9187,0.9148,0.9232,0.9307,0.9309,0.9299,0.9418,0.9451,0.9489,0.891,0.8975,0.8958,0.9081,0.92,0.9217,0.9298,0.9279,0.931,0.9348,0.9422,0.9463,0.9515,0.9521,0.9079,0.9098,0.9137,0.9189,0.9234,0.9303,0.9362,0.9365,0.9364,0.9464,0.9431,0.9549,0.9093,0.9132,0.9182,0.9176
"90",0.8796,0.8832,0.8888,0.9018,0.9097,0.9142,0.9155,0.9182,0.9265,0.9331,0.9456,0.9425,0.9448,0.9527,0.8868,0.8932,0.893,0.8998,0.9167,0.9175,0.9249,0.9238,0.9217,0.9305,0.9406,0.9464,0.9464,0.9453,0.9521,0.8943,0.8984,0.9022,0.9184,0.9228,0.9203,0.9249,0.9281,0.9332,0.9393,0.9444,0.9473,0.9468,0.9515,0.9005,0.9048,0.9124,0.9089,0.9179,0.9241,0.9298,0.9317
"91",0.9387,0.9477,0.9463,0.855,0.8686,0.8763,0.8775,0.8868,0.8954,0.8998,0.9087,0.9158,0.9196,0.9221,0.9225,0.9288,0.9398,0.9386,0.9427,0.9442,0.9493,0.8871,0.8866,0.8893,0.9092,0.9075,0.9086,0.9112,0.9224,0.926,0.9244,0.9311,0.9343,0.9414,0.9445,0.9481,0.946,0.8915,0.8917,0.8947,0.9128,0.9151,0.9213,0.9219,0.9254,0.9261,0.936,0.9302,0.9326,0.9426,0.9457
"92",0.9114,0.9146,0.9234,0.9235,0.9264,0.9389,0.9395,0.9467,0.945,0.9514,0.8589,0.8694,0.8736,0.8796,0.888,0.903,0.9019,0.9067,0.906,0.9108,0.9197,0.9232,0.9227,0.9356,0.9326,0.9384,0.9429,0.9435,0.9448,0.9491,0.8786,0.8869,0.9016,0.9031,0.9049,0.9088,0.9088,0.9156,0.917,0.918,0.9206,0.9329,0.9348,0.9346,0.9415,0.9482,0.9472,0.9484,0.8904,0.8873,0.8936
"93",0.8674,0.8742,0.8768,0.8972,0.898,0.8924,0.9066,0.9173,0.9137,0.9205,0.9184,0.9234,0.9341,0.9363,0.9387,0.9408,0.9475,0.9458,0.8537,0.8595,0.8612,0.8732,0.8838,0.8842,0.891,0.8985,0.8976,0.9072,0.9052,0.911,0.9173,0.9221,0.9271,0.9271,0.9312,0.9361,0.9423,0.9386,0.9425,0.9475,0.942,0.8788,0.8773,0.894,0.8992,0.8976,0.9019,0.9091,0.9092,0.9092,0.9173
"94",0.8121,0.8132,0.832,0.8295,0.8301,0.8493,0.8445,0.8636,0.8603,0.8699,0.8839,0.8892,0.8865,0.8882,0.903,0.8999,0.9097,0.9052,0.915,0.9144,0.9211,0.9259,0.9317,0.9321,0.9399,0.9378,0.9447,0.9415,0.9456,0.8521,0.8628,0.868,0.8676,0.8785,0.8806,0.884,0.8862,0.893,0.8953,0.9009,0.9097,0.9115,0.9086,0.9084,0.912,0.9236,0.9254,0.9298,0.9329,0.9318,0.937
"95",0.921,0.9227,0.9257,0.9266,0.93,0.9383,0.9367,0.9383,0.9483,0.7913,0.8104,0.8157,0.8204,0.8169,0.8329,0.8345,0.8425,0.8454,0.8529,0.8561,0.8654,0.8708,0.8773,0.8798,0.8841,0.896,0.8955,0.8941,0.9058,0.8994,0.9058,0.9107,0.9115,0.9117,0.9198,0.9269,0.9299,0.932,0.9346,0.9346,0.9374,0.9389,0.9401,0.9462,0.9441,0.8519,0.8551,0.8592,0.8643,0.8774,0.8792
"96",0.8661,0.8708,0.8762,0.8859,0.8868,0.8954,0.9001,0.8987,0.9043,0.9065,0.9114,0.9155,0.9138,0.9222,0.9213,0.922,0.9274,0.9261,0.9335,0.9381,0.943,0.9391,0.945,0.9487,0.8006,0.8049,0.8131,0.813,0.8201,0.8259,0.8255,0.8324,0.8377,0.8396,0.8503,0.8476,0.8673,0.8619,0.8735,0.8783,0.8784,0.8828,0.882,0.8884,0.893,0.8913,0.8944,0.9015,0.9015,0.8992,0.9064
"97",0.7847,0.7899,0.7969,0.7973,0.7985,0.8141,0.8122,0.8173,0.8299,0.8294,0.8375,0.8452,0.8426,0.8491,0.8565,0.8554,0.8608,0.8678,0.8735,0.8765,0.8786,0.8839,0.889,0.892,0.8947,0.9,0.8984,0.8981,0.9051,0.909,0.9053,0.9125,0.9179,0.9135,0.9204,0.923,0.9224,0.9307,0.925,0.9273,0.9343,0.9365,0.9375,0.9413,0.9391,0.945,0.9445,0.9414,0.9458,0.7994,0.7973
"98",0.6347,0.6424,0.6526,0.6585,0.6751,0.6689,0.6784,0.6797,0.6908,0.6968,0.6989,0.7034,0.7179,0.7228,0.7248,0.7198,0.7337,0.7372,0.755,0.754,0.7518,0.766,0.7701,0.7769,0.7773,0.7823,0.7825,0.7884,0.7935,0.7968,0.805,0.8009,0.7975,0.8142,0.8112,0.8205,0.8189,0.8258,0.8331,0.8339,0.8347,0.8398,0.8402,0.8476,0.8508,0.8466,0.8466,0.8558,0.8581,0.8573,0.864
"99",0.3945,0.4052,0.4045,0.4129,0.4132,0.4239,0.4366,0.4419,0.441,0.4524,0.4568,0.4624,0.4627,0.4763,0.4721,0.4784,0.4944,0.4955,0.4928,0.4995,0.5109,0.5112,0.5189,0.5122,0.5242,0.5316,0.5325,0.5293,0.5375,0.5516,0.548,0.5597,0.5612,0.5644,0.5737,0.5726,0.5845,0.5901,0.5879,0.5892,0.5978,0.601,0.6089,0.6122,0.6138,0.6148,0.616,0.6243,0.6236,0.6312,0.6317
